-172.72534
-0.0082092285
1.1462402
-255.9679
-335.07812
-5.371826
-259.14294
-654.5465
-149.64258
172.72533
0.008239746
-1.1462402
251.4771
-308.8139
23.543945
232.39607
-637.7367
-63.607178
-172.49617
-0.9071655
-6.2631836
-255.23856
-345.5102
-18.336182
-256.03882
-652.311
-189.63696
172.49615
0.90719604
6.2634277
250.32477
-300.78555
27.49707
232.29538
-629.53894
-60.53076
-172.62025
-0.048675537
-5.624756
-251.72644
-350.5172
-30.607422
-249.34418
-638.61554
-229.02856
172.62025
0.048706055
5.624756
251.97389
-302.7265
26.760254
234.37227
-631.9656
-59.521484
-172.31873
0.28652954
-11.116455
-252.5224
-353.72504
-42.714844
-249.69183
-632.3013
-255.1101
172.31873
-0.28649902
11.116211
251.89029
-309.3288
25.315918
230.02216
-637.8623
-62.56201
-172.43689
0.51327515
-10.309814
-253.5799
-350.77344
-54.699463
-244.24158
-612.3391
-286.83667
172.43689
-0.5132446
10.310059
247.91302
-311.62268
23.473877
225.20813
-639.8345
-65.44702
-172.52634
2.3554993
-8.770996
-250.55093
-345.11035
-64.889404
-233.95021
-576.09705
-320.97998
172.5263
-2.3555298
8.770996
251.31924
-315.67664
22.658691
225.74414
-643.0985
-68.336914
-172.5593
3.5256348
-8.126221
-248.30313
-341.9956
-82.23901
-225.0546
-557.0366
-348.1975
172.55931
-3.5256348
8.126465
245.13881
-320.28693
23.993652
227.03407
-647.58716
-68.940186
-172.61461
4.279419
-6.607422
-244.17642
-342.61682
-94.500244
-214.85968
-529.68195
-373.85522
172.6146
-4.279419
6.607422
241.41516
-327.01556
25.141357
231.1951
-654.3429
-68.74219
-172.59215
4.130951
-7.486084
-240.48288
-338.13025
-99.70361
-208.79242
-484.79425
-395.30103
172.59215
-4.1309204
7.486084
238.78352
-328.572
27.179932
231.67747
-655.99554
-66.86401
-172.56729
4.7434387
-7.821533
-227.79677
-330.4397
-114.886475
-195.02481
-434.84735
-424.0271
172.56729
-4.743469
7.821533
237.25833
-327.1228
26.437256
231.6278
-655.3761
-64.87598
-172.56543
4.089905
-8.273193
-213.09457
-321.8694
-128.26929
-182.63882
-392.70837
-443.69165
172.56544
-4.0898743
8.2734375
235.2758
-332.22244
27.61499
231.05318
-659.84674
-66.06714
-172.55467
3.5472717
-8.765137
-210.34285
-304.7614
-148.0332
-172.3208
-347.56104
-464.16333
172.55469
-3.5472412
8.765137
232.90787
-333.32205
27.060303
228.17978
-660.91016
-66.796875
-172.55975
2.3833008
-9.019775
-208.65381
-285.41577
-158.9812
-160.20752
-299.99298
-471.0205
172.55974
-2.3833313
9.019775
231.8224
-332.94995
28.506836
226.62794
-659.8964
-67.54614
-172.55359
2.0726624
-9.263916
-210.6366
-272.90466
-165.97095
-157.0115
-264.7992
-474.2561
172.55357
-2.0726929
9.26416
232.15129
-333.36407
27.00122
224.36198
-660.00287
-69.9126
-172.58826
1.5115662
-8.710449
-216.45432
-264.93607
-169.73926
-147.82532
-216.79431
-470.62024
172.58827
-1.5115662
8.710693
232.54396
-333.06378
26.995117
224.43834
-660.2733
-67.961426
-172.20695
0.20675659
-13.586426
-220.05714
-251.1043
-175.83301
-134.84555
-169.29669
-463.70923
172.20697
-0.20675659
13.586426
232.02652
-328.89703
30.532227
226.06732
-655.70984
-65.92993
-172.24164
-0.2821045
-13.619629
-219.44293
-247.81337
-184.33203
-122.92923
-133.90976
-458.29712
172.24164
0.282135
13.619629
240.29605
-318.50848
29.069092
226.2489
-646.20264
-63.059326
-172.15907
-0.45724487
-14.800537
-216.78763
-240.87816
-189.66089
-115.64018
-93.57779
-446.57812
172.15906
0.45724487
14.800293
241.93317
-316.24017
26.77124
227.23022
-644.4858
-63.497803
-172.41876
-0.25756836
-10.874023
-211.17943
-230.3949
-189.06885
-106.45334
-53.357697
-426.96655
172.41876
0.25759888
10.874023
247.74396
-308.3783
29.89746
230.98404
-636.7147
-59.7937
-172.12549
-0.2331543
-14.65332
-211.18082
-222.58154
-191.73071
-99.40978
-26.462982
-412.27637
172.12549
0.23318481
14.653564
248.98547
-307.1443
27.19629
232.3468
-635.5876
-62.207275
-172.0445
-1.6850891
-15.765381
-213.09732
-215.6608
-193.96338
-91.20355
-3.3119507
-392.6565
172.0445
1.6850891
15.765137
248.80652
-306.06787
24.64917
229.99411
-634.35
-64.930176
-172.03816
-2.3592224
-15.975586
-212.25815
-202.31793
-199.45435
-82.93189
25.930542
-374.45166
172.03816
2.359192
15.975342
247.50621
-301.79898
23.19336
228.56029
-629.82947
-67.303955
-172.41304
-2.2053223
-9.238037
-209.53763
-188.08539
-196.38696
-81.091934
50.22351
-361.97046
172.41302
2.2053223
9.237793
250.8045
-297.2936
25.150146
230.75629
-625.01294
-66.23999
-172.49025
-2.0097046
-9.182373
-209.23953
-186.15707
-195.75464
-78.70512
67.62079
-339.5669
172.49025
2.009674
9.182373
248.22502
-309.72864
22.824951
233.57265
-636.99365
-71.00757
