-106.57489
1.9355774
-139.81909
-302.2796
-100.44571
-468.8506
-318.41174
-124.37497
-821.9048
106.57489
-1.9355469
139.81909
253.84714
-218.93925
440.6858
510.041
-302.72437
666.7063
-113.69479
2.8553162
-133.96655
-322.37927
-101.0455
-460.0808
-354.25558
-122.30963
-809.80383
113.69481
-2.8552856
133.9668
276.1248
-214.3177
419.05566
543.40265
-302.05746
631.2339
-114.75263
5.1452637
-133.23364
-334.54623
-105.0105
-452.12524
-388.596
-124.611176
-797.8148
114.75264
-5.145294
133.2334
297.9331
-209.59296
398.99194
563.5206
-307.34906
609.813
-120.104576
6.630127
-128.29834
-351.70306
-107.79114
-441.07715
-432.54266
-126.328064
-779.62744
120.104576
-6.630127
128.29858
337.53867
-214.85255
371.34155
615.3055
-310.2622
582.8794
-128.43599
8.373932
-119.41235
-374.64273
-105.17206
-421.30566
-488.13596
-121.65842
-750.5842
128.43597
-8.373932
119.41211
375.9374
-209.33675
343.8103
667.25085
-309.57275
552.5864
-134.83612
9.34903
-112.07373
-386.02032
-104.110504
-398.1963
-527.4997
-120.40561
-717.73303
134.83612
-9.34906
112.07373
366.51712
-190.84354
302.92236
669.85834
-289.59943
456.39868
-140.98036
9.109985
-104.25366
-406.53494
-99.2912
-365.74463
-578.282
-118.29852
-671.92065
140.98036
-9.109985
104.25342
382.858
-177.8115
264.2019
692.9255
-279.27496
382.9961
-147.19089
8.082977
-95.26001
-434.03818
-102.06564
-330.58618
-630.17883
-117.679565
-626.2302
147.19089
-8.082977
95.26001
420.42334
-169.82468
229.719
744.61847
-268.60822
311.83984
-152.7161
7.817749
-86.12134
-457.33868
-109.84274
-297.24756
-679.4135
-120.69614
-580.05835
152.7161
-7.8177795
86.12158
443.4602
-166.90942
180.84277
776.4621
-257.98
214.75586
-159.26689
6.477844
-72.64868
-481.36377
-109.92551
-239.36548
-740.30634
-130.86423
-484.25732
159.26688
-6.4778137
72.64868
462.8916
-160.76398
120.38306
800.6054
-243.82353
109.41089
-165.92131
5.546814
-53.78882
-506.05975
-110.85129
-185.77563
-795.75806
-130.36154
-393.4226
165.92131
-5.546814
53.78882
477.84192
-152.23947
64.864746
815.4507
-227.24792
14.979736
-170.473
3.9429321
-36.69995
-519.89856
-119.01187
-123.03467
-832.03925
-140.74136
-296.07935
170.473
-3.9429626
36.69995
486.49588
-145.13547
5.1621094
819.75195
-211.29433
-87.29419
-173.29506
2.7636108
-17.354492
-532.797
-123.55426
-68.5603
-860.83
-146.81036
-220.44775
173.29506
-2.7636108
17.354248
484.9352
-136.75278
-46.595215
806.3114
-194.43887
-179.24341
-174.08704
3.024994
1.6938477
-538.38336
-132.39911
-16.8042
-879.75336
-165.54056
-128.43262
174.08705
-3.0249634
-1.6938477
480.96036
-129.03
-104.85791
794.0411
-182.06366
-267.6543
-173.07487
3.7519531
19.54248
-538.25397
-140.39395
46.667725
-891.89246
-184.18478
-13.2404785
173.07489
-3.7519226
-19.542236
468.48343
-120.24802
-153.23315
764.6325
-163.26797
-346.06445
-169.70082
3.8242493
38.68457
-531.4653
-142.07626
104.426025
-890.4896
-194.17055
65.670654
169.70082
-3.8242188
-38.68457
453.53564
-107.381134
-203.44922
726.75385
-146.74374
-427.8899
-164.6133
2.8188171
56.66504
-503.4914
-157.0365
155.36255
-861.2105
-214.58061
135.82642
164.6133
-2.8188171
-56.66504
438.3741
-102.2482
-253.14648
693.21405
-140.46472
-500.64966
-160.12463
3.40625
69.5188
-484.73477
-160.89062
196.09058
-841.0736
-222.34889
191.92554
160.12465
-3.40625
-69.518555
426.7963
-96.22836
-280.63232
662.031
-125.295135
-548.59375
-155.86746
4.111969
79.52222
-446.49774
-167.48721
238.20068
-798.28394
-235.98291
249.05005
155.86746
-4.111969
-79.52222
411.3917
-92.14319
-316.6057
628.8721
-115.35968
-601.3406
-151.2984
3.9374695
88.44385
-415.4607
-177.53006
272.4048
-762.2136
-255.68912
300.38794
151.2984
-3.9374695
-88.44385
395.10083
-83.71237
-350.77686
586.61145
-107.7222
-648.74365
-146.5397
3.0100403
96.46533
-400.8761
-184.7691
302.82886
-737.4122
-277.11377
375.8152
146.53969
-3.0100708
-96.465576
377.90857
-80.00604
-378.31714
541.60114
-101.25592
-688.9668
-139.99173
4.7218323
105.62402
-382.91443
-184.05011
343.3601
-710.8003
-283.66803
453.70752
139.99173
-4.7218323
-105.62402
360.95764
-71.41318
-397.40405
502.1521
-91.10565
-717.7024
-135.79048
5.3583374
111.27588
-364.1275
-186.15887
370.90405
-688.5471
-293.17236
486.0105
135.79048
-5.3583374
-111.27588
354.88623
-67.644135
-413.29395
477.2483
-87.36658
-736.74524
-126.09107
6.9474792
121.59961
-342.93674
-182.18619
396.1416
-662.2952
-295.35205
522.7854
126.09107
-6.9474487
-121.59961
337.35748
-56.442688
-438.74194
440.64343
-77.39197
-763.52515
