-160.97517
71.38748
1.9926758
-556.80396
136.29578
-7.380615
-869.7888
294.04968
-126.301025
160.97517
-71.38751
-1.9926758
353.1829
-340.50665
-45.518066
627.7028
-538.7713
-151.49097
-161.59106
69.90573
3.7702637
-558.792
127.88818
-7.9611816
-876.5416
272.25323
-130.0581
161.59106
-69.9057
-3.7702637
357.92874
-337.31952
-45.41577
637.6361
-524.4326
-150.34766
-163.33983
65.418396
5.656006
-559.6616
118.20752
-15.196045
-880.504
252.27344
-138.20654
163.33981
-65.418365
-5.656006
371.8328
-329.07025
-48.928955
656.6133
-511.1646
-140.47119
-165.07227
60.800446
6.1228027
-563.9915
101.96384
-17.263184
-888.17017
228.5734
-145.25708
165.07227
-60.800476
-6.1228027
385.0671
-317.05795
-43.46289
672.3743
-491.13974
-133.5315
-166.97049
55.221527
6.328369
-563.8723
82.06491
-17.151367
-889.4354
193.54361
-151.25195
166.97047
-55.221558
-6.328125
399.59918
-304.36008
-36.037354
692.4042
-458.2533
-133.35083
-168.88582
48.83252
6.672119
-570.7421
55.326202
-26.308105
-904.99176
157.51639
-152.84473
168.88583
-48.83249
-6.672119
420.05847
-289.54803
-40.64087
717.82007
-420.9193
-147.0498
-170.8024
41.57553
5.213623
-571.22894
39.45175
-28.854736
-912.2065
123.41287
-149.05298
170.8024
-41.5755
-5.213623
441.0316
-268.19226
-32.70215
740.64923
-381.15012
-143.97559
-172.338
34.704163
4.6696777
-565.6896
14.519226
-34.729736
-907.35016
84.0531
-161.60156
172.338
-34.704193
-4.6696777
457.7238
-245.22264
-27.104248
758.966
-343.80792
-137.49146
-173.63385
27.407776
4.505371
-568.5263
-9.989868
-44.355225
-914.9687
43.546234
-167.3728
173.63385
-27.407776
-4.505127
480.9489
-224.06175
-25.618408
789.13385
-311.24185
-123.23633
-174.62386
20.249786
3.9909668
-566.76196
-36.222107
-54.4104
-912.53174
3.36615
-181.8711
174.62386
-20.249786
-3.9907227
493.38486
-199.4356
-18.487305
806.5434
-268.92645
-103.20117
-175.27501
14.323914
2.885254
-559.9141
-63.313538
-64.589355
-907.4615
-38.806183
-185.59082
175.27502
-14.323914
-2.885254
503.35876
-176.19229
-10.863037
820.07886
-229.5431
-87.920166
-175.66281
4.5745544
0.5593262
-552.91034
-95.12125
-73.82568
-897.5292
-92.43915
-203.68774
175.66281
-4.574524
-0.55908203
514.839
-143.3544
-1.6433105
831.9701
-171.87607
-83.684326
-175.52255
-5.271118
-2.7304688
-545.8255
-121.39755
-85.725586
-891.4331
-139.17758
-210.24658
175.52255
5.271118
2.7304688
533.2127
-115.1416
0.44921875
855.7579
-129.54532
-68.04199
-175.02092
-13.704163
-5.743408
-538.41113
-151.84668
-87.518555
-883.26575
-192.3031
-211.12476
175.0209
13.704132
5.743408
540.1548
-91.50696
8.911133
865.8468
-90.13794
-52.67578
-174.23082
-21.550232
-7.2841797
-523.71643
-170.75183
-84.62427
-864.35065
-230.15361
-210.67432
174.23082
21.550232
7.284424
546.39954
-64.140076
19.440186
875.359
-46.32306
-33.145264
-173.21793
-28.424255
-9.191406
-507.9641
-195.71713
-95.85278
-840.2346
-272.36377
-223.62207
173.21791
28.424255
9.191406
548.7267
-39.108368
19.086426
876.5788
-12.077393
-44.635254
-172.00034
-34.845825
-10.799805
-496.17368
-216.55673
-100.1792
-824.14935
-307.83676
-233.01709
172.00034
34.845825
10.799805
543.7758
-20.633911
27.553955
871.5507
26.591217
-22.52002
-170.23264
-42.168304
-12.363037
-486.2994
-238.96484
-103.88379
-809.35596
-343.87503
-240.18872
170.23264
42.168304
12.363037
540.26544
9.749115
30.214111
867.7832
63.229828
-15.82251
-168.41684
-48.69159
-13.583252
-471.18356
-256.67242
-105.88818
-786.0415
-370.4589
-250.2456
168.41684
48.69156
13.583008
544.2411
29.497803
30.714355
867.05817
103.41058
-22.108398
-167.16891
-52.549988
-15.623535
-457.64334
-269.6098
-105.52612
-761.4088
-392.95166
-259.41333
167.16891
52.549957
15.623779
539.7982
46.129425
35.88379
857.7602
135.82498
-26.682129
-165.94183
-56.085266
-17.006104
-447.5114
-285.95944
-102.74878
-748.1483
-416.07275
-257.58154
165.94183
56.085266
17.006348
532.2608
67.76431
42.215088
850.5353
163.62466
-12.1154785
-165.04883
-58.724823
-17.320557
-441.62097
-299.94638
-103.85132
-738.84247
-442.48145
-258.76685
165.04883
58.724792
17.320557
517.7629
79.59314
49.659668
829.77386
177.02975
-18.985107
-164.1069
-61.516754
-16.8042
-433.62097
-301.26782
-100.13843
-725.17883
-450.0973
-256.27515
164.10692
61.516785
16.803955
512.09076
94.37149
54.0271
820.6419
197.35922
-9.488525
-163.28648
-63.51947
-17.558105
-419.07745
-315.471
-99.91528
-705.629
-466.86124
-260.594
163.28648
63.51947
17.558105
521.9246
106.72565
49.121338
832.2301
213.82971
-7.010742
