-183.32364
-9.076234
23.131536
-299.2093
-306.9404
90.3845
-319.71597
-518.12866
-121.69799
183.32364
9.076199
-23.131536
310.9086
-265.21176
79.75176
327.47205
-546.992
-21.862885
-182.14534
-8.739243
31.172035
-307.63156
-302.51993
138.40506
-337.40253
-542.90454
-38.594803
182.14534
8.739243
-31.172035
357.4403
-253.86713
69.02344
359.31714
-531.20483
-45.345535
-179.86877
1.7275401
43.23473
-277.26102
-300.30646
132.03398
-296.9896
-555.6903
-24.138489
179.86877
-1.7275401
-43.23473
422.9502
-236.23683
31.74208
393.83835
-469.5351
-154.60277
-179.36458
6.9726534
44.77426
-297.52036
-293.19354
136.07948
-327.21075
-536.05005
-37.52693
179.36453
-6.972724
-44.77426
428.24063
-224.30164
32.985565
384.12048
-407.39816
-200.52904
-181.16199
0.9593227
37.47553
-316.07745
-305.36267
48.088715
-345.43152
-523.04987
-156.24095
181.16199
-0.9593227
-37.47553
437.11234
-208.5442
59.11686
408.9867
-416.60883
-155.16812
-184.95569
3.9988317
0.63766634
-338.35324
-277.08786
-77.596245
-357.68848
-461.28937
-313.59613
184.95566
-3.9988317
-0.63766634
457.25412
-221.21747
136.72183
475.18542
-484.01007
-6.86969
-182.1897
4.974695
-31.735846
-327.28754
-273.23166
-71.804016
-279.93063
-416.0916
-331.31967
182.1897
-4.9747305
31.735846
455.34763
-230.66704
234.06226
500.741
-512.6036
142.13155
-171.77058
1.9083667
-68.67481
-231.41644
-310.91727
-75.67262
-226.62978
-537.268
-272.50357
171.77058
-1.9083667
68.67481
457.77374
-225.0792
353.8852
517.1917
-511.43765
287.0396
-161.43318
-2.6671617
-90.31731
-182.62091
-321.33435
-89.42265
-191.6857
-588.46313
-225.65793
161.43318
2.6671267
90.31731
284.38873
-294.28918
202.56114
335.99377
-585.57794
152.68361
-158.87439
-4.6184206
-94.67102
-161.62857
-324.30124
-91.5889
-172.66078
-612.63495
-173.6983
158.87439
4.6184206
94.67102
228.48201
-303.68115
155.97412
203.72841
-602.22046
139.80109
-158.00081
-5.771069
-96.05958
-156.34087
-325.50488
-92.5499
-165.98262
-619.2774
-152.58943
158.00081
5.771034
96.05958
222.18642
-303.59012
158.17734
175.82004
-599.97595
155.80588
-156.00275
-9.103438
-99.02156
-151.63
-328.73047
-95.164
-158.9145
-626.04205
-134.56902
156.00275
9.103474
99.02156
214.21819
-301.24506
161.26033
161.78252
-596.3064
175.01823
-159.70963
-13.226682
-92.42778
-154.06639
-332.69327
-88.7617
-159.25337
-631.53455
-114.587524
159.70963
13.226682
92.42778
173.814
-305.7582
112.50625
139.2485
-603.6289
121.353745
-159.79982
-13.508839
-92.23083
-153.78474
-332.96606
-88.5546
-157.71869
-632.35004
-107.363594
159.79982
13.508839
92.23083
163.87054
-306.62775
100.75883
138.62463
-605.4955
107.13768
-159.08228
-13.642602
-93.44363
-152.80763
-333.0932
-89.68978
-155.22946
-632.87836
-100.78102
159.08226
13.642602
93.44363
156.10536
-306.86316
93.69782
141.17368
-606.46826
97.41668
-160.04436
-13.778771
-91.76573
-153.66577
-333.22388
-88.074715
-155.45929
-633.1096
-96.15516
160.04436
13.778771
91.76573
155.35365
-306.7647
90.127846
144.46307
-606.5548
92.82493
-159.93962
-13.362252
-92.00963
-153.53937
-332.82532
-88.314384
-154.73274
-632.7762
-93.61273
159.93962
13.362252
92.00963
154.23122
-307.17276
89.15563
147.08302
-607.0824
90.916664
-157.63249
-13.567211
-95.87978
-151.30998
-333.0222
-92.02886
-152.10031
-633.001
-95.50357
157.63249
13.567246
95.87978
151.59409
-306.97745
92.37344
146.90334
-606.9386
93.5251
-154.34198
-16.1611
-100.709366
-148.12599
-335.50977
-96.650894
-148.70486
-635.49854
-99.1834
154.34198
16.161066
100.709366
148.27206
-304.49017
96.82738
144.85214
-604.4695
97.665504
-154.89436
-19.143433
-99.329056
-148.64868
-338.3714
-95.32336
-149.03003
-638.3666
-96.98456
154.89438
19.143469
99.329056
148.70892
-301.62854
95.39569
146.46497
-601.6196
95.94474
-156.65408
-17.16817
-96.90071
-150.34921
-336.47726
-93.00119
-150.5745
-636.4756
-93.98194
156.65408
17.16817
96.90071
150.36937
-303.52274
93.02491
149.04346
-603.51965
93.34875
-157.79822
-15.473755
-95.31674
-151.46698
-334.85303
-91.493034
-151.631
-634.8522
-92.20793
157.79822
15.47372
95.31674
151.47754
-305.14703
91.5052
150.51062
-605.1454
91.74118
-155.06462
-17.044645
-99.44568
-148.8127
-336.35754
-95.43693
-148.92017
-636.3572
-95.90597
155.06462
17.044682
99.44568
148.81721
-303.6424
95.44194
148.18234
-603.6417
95.59671
-153.21861
-8.519465
-103.327034
-147.03091
-328.17548
-99.15496
-147.10947
-628.1753
-99.4969
153.21861
8.5195
103.327034
147.03334
-311.8245
99.15755
146.57063
-611.8241
99.27035
