-183.89407
-19.89003
-3.515011
-213.59897
-287.35114
-176.92043
-44.12938
-416.708
-387.9817
183.89407
19.89003
3.515011
247.9984
-241.65187
-171.18301
189.50357
-426.38065
-400.2106
-183.87367
-19.89544
-4.432064
-213.9182
-288.00262
-176.82335
-43.80789
-415.31314
-388.61218
183.87367
19.89544
4.432064
246.39719
-241.26991
-171.04826
188.7384
-423.9944
-401.88855
-183.945
-19.496622
-3.0193226
-216.9353
-288.4569
-173.7977
-47.47702
-415.26868
-386.40686
183.945
19.496622
3.0193226
246.24986
-243.33366
-170.09973
188.67616
-425.3405
-401.52744
-183.97282
-19.213575
-3.1357412
-215.63078
-287.05606
-175.88864
-45.31314
-415.16238
-387.03
183.97282
19.213575
3.1357412
249.48672
-241.8711
-171.7947
191.15225
-423.26056
-403.5164
-183.97845
-18.88124
-4.5185194
-218.48534
-286.56018
-177.05934
-48.304535
-415.54276
-387.77713
183.97847
18.88124
4.5185194
245.01915
-242.75381
-170.79303
186.14113
-424.4888
-402.1062
-183.66609
-19.335545
-10.858699
-218.59877
-289.54285
-178.84523
-48.665756
-418.5431
-389.7521
183.66609
19.335545
10.858699
243.25063
-239.94829
-168.02348
186.24927
-424.1222
-397.87302
-183.95535
-18.497908
-6.5770507
-223.44955
-287.15665
-176.52219
-54.995895
-416.507
-388.3991
183.95537
18.497908
6.5770507
244.50589
-242.25308
-170.38254
186.31491
-425.84912
-400.39624
-184.10306
-17.60172
-4.6099486
-222.00514
-285.69595
-175.56989
-54.603745
-415.9477
-387.72842
184.10306
17.60172
4.6099486
241.52388
-244.15486
-171.7842
182.44955
-426.7473
-402.37088
-184.3671
-14.965514
-3.1321516
-224.89749
-284.9044
-170.92917
-55.795197
-414.3252
-382.24567
184.3671
14.965514
3.1321516
244.65666
-248.14041
-170.91025
184.32077
-430.14
-401.63895
-184.44354
-13.9796915
-3.1853917
-227.35316
-283.33972
-171.20885
-57.11252
-410.84964
-382.7729
184.44354
13.9796915
3.1853917
244.0348
-249.12938
-171.26299
183.45378
-430.2442
-402.6228
-184.34442
-14.227107
-6.3024163
-233.87346
-277.6658
-180.4884
-54.462784
-380.7624
-397.70465
184.34442
14.227107
6.3024163
246.77301
-248.44862
-167.75728
184.99313
-427.92966
-400.0713
-184.29489
-14.0184965
-7.9923673
-238.42358
-242.6998
-220.07318
-44.45938
-186.43687
-441.91177
184.29489
14.0184965
7.9923673
250.10448
-248.44017
-165.43837
182.18796
-426.11633
-397.42657
-182.72948
-17.19681
-23.220686
-338.613
-145.8203
-266.92783
-161.9715
30.090424
-433.82062
182.72949
17.19681
23.220686
238.8329
-241.98924
-156.0612
174.02206
-421.74335
-387.33594
-182.95068
-16.566399
-21.89992
-344.3642
-22.112448
-290.14627
-226.77203
190.26291
-466.40973
182.95068
16.566399
21.89992
237.85173
-239.55293
-162.1552
175.7806
-421.20178
-392.6999
-182.11787
-17.733574
-27.26906
-282.1802
100.13368
-292.1144
-306.21423
323.47034
-490.96887
182.11789
17.733574
27.26906
237.78384
-234.24513
-161.79901
179.67749
-418.37372
-391.4081
-179.57614
-18.72555
-40.333233
-257.07617
146.37871
-282.9742
-367.5924
350.4046
-473.13098
179.57613
18.72555
40.333233
239.67715
-226.44214
-155.23563
184.84421
-410.4148
-385.77286
-178.5258
-19.405209
-44.463234
-255.42372
139.65012
-289.68387
-372.20923
333.92078
-486.20374
178.5258
19.405209
44.463234
236.85515
-223.00082
-154.5225
182.61118
-408.09515
-384.29996
-180.49576
-17.794395
-36.464256
-290.10858
67.184204
-311.9074
-316.95612
272.60532
-528.88983
180.49576
17.794395
36.464256
230.03633
-228.5468
-159.76611
181.93018
-410.98492
-393.00873
-182.85426
-16.407368
-22.806047
-300.73483
-42.695675
-312.7626
-197.50757
170.27908
-497.11517
182.85425
16.407368
22.806047
234.95575
-234.51215
-168.56252
176.89435
-417.3123
-399.24188
-181.79404
-16.595875
-30.008364
-222.14622
-221.35329
-273.5724
-45.627396
-44.24965
-439.32947
181.79405
16.595875
30.008364
238.50937
-235.58191
-158.32378
177.57321
-415.0932
-390.83722
-182.9523
-18.667286
-20.124163
-164.51074
-277.7837
-207.7941
34.369736
-278.17673
-432.39685
182.9523
18.667286
20.124163
241.24036
-236.88301
-163.82301
179.66641
-418.62506
-394.4276
-184.21686
-15.962664
-5.859532
-161.76115
-274.2911
-193.42218
8.955292
-405.15375
-402.54144
184.21687
15.962664
5.859532
251.73021
-244.97905
-169.18648
202.07663
-426.11432
-403.11926
-184.20454
-15.9026375
-6.386112
-155.98724
-260.69232
-210.24617
-2.7830658
-426.73114
-407.628
184.20456
15.9026375
6.386112
250.94365
-244.3541
-170.0609
203.38885
-430.4135
-400.5396
-184.30487
-15.352405
-4.585145
-162.03853
-263.3401
-205.55893
-1.9989319
-421.45477
-404.0207
184.30487
15.352405
4.585145
244.47408
-246.7653
-170.73434
194.99927
-431.6331
-401.76715
