-180.18056
10.890055
-40.51395
-262.5023
-289.2037
33.572514
-269.38516
-521.7397
-155.84668
180.18054
-10.890055
40.51395
277.61185
-315.415
10.29195
267.06512
-567.43933
-152.10417
-184.7954
1.9108016
-8.485163
-282.4077
-295.18744
75.821365
-328.1501
-533.7671
-100.21101
184.79541
-1.9108016
8.485163
268.06903
-312.89386
-0.45473903
272.14978
-565.9286
-161.56584
-184.87321
2.434137
-6.4003487
-283.23453
-292.0921
84.74873
-311.54297
-521.33203
-106.68715
184.87323
-2.434137
6.4003487
268.59366
-313.61426
7.215192
301.313
-564.2769
-154.33255
-184.93689
4.473903
-1.8257021
-286.42926
-290.57956
83.899025
-299.90158
-529.7272
-96.73019
184.9369
-4.473903
1.8257021
263.27197
-317.47586
-2.9133914
327.7735
-564.32495
-160.72685
-182.24176
10.176636
-30.155716
-282.1084
-288.35446
40.040306
-305.77936
-522.64624
-145.82806
182.24178
-10.176636
30.155716
257.94067
-324.75574
25.423773
232.34642
-563.4367
-154.51047
-184.41788
10.268898
-10.468929
-276.35327
-292.97855
37.122284
-302.2993
-538.9885
-132.6007
184.41788
-10.268898
10.468929
256.6932
-323.56906
-2.642424
240.14258
-568.8852
-174.53214
-183.73842
11.678435
-18.133165
-278.46616
-291.62424
26.167822
-264.42328
-514.0958
-174.60373
183.73842
-11.678435
18.133165
248.38596
-326.28583
7.1979136
261.93457
-564.8796
-174.15663
-182.71362
12.252952
-26.279356
-276.76428
-292.84085
13.33843
-272.40985
-524.2079
-177.58127
182.71361
-12.252952
26.279356
253.45232
-328.6976
19.637638
241.46254
-573.954
-152.71535
-182.62564
10.950773
-27.440062
-279.73676
-293.48087
15.594952
-262.47083
-506.9079
-194.52597
182.62564
-10.950773
27.440062
256.3801
-325.2547
6.5098095
241.65819
-577.43616
-155.31653
-182.43625
7.681935
-29.715431
-278.41827
-294.119
22.116077
-260.5466
-520.96
-173.39285
182.43622
-7.681935
29.715431
270.53256
-322.04553
35.728172
249.79752
-569.06726
-133.2402
-184.22258
10.834772
13.024311
-281.9253
-297.08752
13.955844
-219.29233
-393.77362
-263.044
184.2226
-10.834772
-13.024644
259.53433
-327.11664
-28.214361
319.90506
-583.23035
-172.30174
-184.21141
14.114112
9.588933
-282.06952
-285.21887
-46.679935
-222.30981
-182.3193
-322.0714
184.21143
-14.114112
-9.588933
227.78056
-331.31992
-46.392258
236.98808
-585.03015
-206.2245
-171.92085
1.3024015
68.311966
-296.06314
-232.26585
-98.29163
-196.26736
-63.059174
-325.02914
171.92087
-1.3024015
-68.311966
210.88647
-274.64145
94.96108
263.2257
-549.5757
-13.074821
-182.88005
23.1881
15.562698
-262.7413
-158.41776
-229.2306
-161.67035
62.806854
-404.85617
182.88005
-23.1881
-15.562698
217.66733
-335.0499
42.23965
278.63223
-590.4305
-102.8949
-183.71097
14.596176
16.193634
-226.56015
-86.13883
-280.08182
-57.538757
107.02607
-435.38504
183.71095
-14.596176
-16.193634
254.15381
-326.87515
-16.313025
299.9878
-585.95544
-160.45418
-177.54033
16.84259
-49.201305
-214.0448
-35.247654
-350.91797
-42.164627
118.53804
-542.7699
177.5403
-16.84259
49.201305
220.10559
-333.58942
17.752325
164.6609
-563.8498
-166.38359
-171.37816
14.675944
-68.11132
-160.51932
-11.51851
-379.29794
-44.593857
131.32317
-616.2738
171.37813
-14.675944
68.11132
236.1861
-327.7873
19.058182
213.10913
-588.1625
-128.1567
-176.41916
15.886753
-53.375076
-116.07192
-4.3156304
-358.8831
-38.86136
87.69727
-633.787
176.41913
-15.886753
53.375076
247.49756
-335.4692
37.693005
264.67575
-598.3423
-105.84317
-175.76448
17.592962
-54.975677
-141.0016
-18.567436
-359.217
-70.46995
87.58196
-630.80054
175.76453
-17.592962
54.975677
229.59453
-333.74905
66.30509
301.94864
-601.6874
-47.598213
-181.37828
13.826608
-33.700783
-184.62154
-83.674805
-330.5532
-86.030716
57.334534
-576.30963
181.3783
-13.826608
33.700783
226.54298
-331.57227
72.38643
257.1945
-580.45215
-92.29294
-178.71387
5.1093926
-47.542118
-285.62482
-225.57254
-227.34233
-186.62105
-107.26381
-484.6385
178.71384
-5.1093926
47.542118
244.92462
-312.54062
16.092453
190.57419
-540.45154
-171.26457
-178.35626
3.503798
-49.007862
-280.78046
-298.00613
-101.6918
-249.4142
-307.62094
-399.89258
178.35628
-3.503798
49.007862
246.25105
-310.69333
20.595222
186.9648
-536.677
-167.59753
-180.32063
12.785135
-39.319305
-324.4456
-261.07892
47.640087
-280.9214
-401.2768
-213.98979
180.32065
-12.785135
39.319305
254.24059
-324.5064
25.409155
204.99501
-570.1787
-139.57571
-182.91025
-3.3720317
-27.522036
-274.1398
-300.35123
50.419426
-259.59692
-527.8423
-144.60953
182.9103
3.3720317
27.522036
233.75609
-305.86838
62.521355
232.15073
-536.3351
-129.52682
