-163.1477
-4.7944293
87.09095
-347.55774
-248.93103
87.56193
-564.5686
-230.59645
-118.763374
163.1477
4.7944293
-87.09095
254.79372
-301.77234
-129.22961
49.492416
-249.06503
-341.53442
-165.89731
-3.882068
81.78031
-344.63034
-254.90556
80.38823
-559.4137
-228.01906
-127.32605
165.89726
3.8820477
-81.78031
265.6635
-303.2041
-112.01716
110.50685
-432.88553
-333.623
-167.01256
-4.515808
79.44443
-349.60266
-256.09113
81.66797
-566.06805
-226.84674
-123.97128
167.01253
4.515808
-79.44443
274.1209
-302.32278
-77.74597
147.17676
-351.46985
-345.0842
-164.31706
-5.4807353
84.822556
-348.20285
-256.5738
85.26949
-567.162
-225.68304
-117.46836
164.31706
5.4807353
-84.822556
258.1928
-302.69864
-132.07782
109.56056
-429.14325
-359.93787
-163.29504
-3.2226872
86.88696
-353.5688
-247.10243
76.824524
-579.8814
-220.7655
-118.339386
163.29503
3.2227075
-86.88696
209.79948
-284.4908
-210.59097
-30.78598
-429.9781
-315.24326
-162.0563
-6.2062426
89.01816
-346.04517
-257.26962
85.529976
-575.268
-237.23991
-106.96856
162.0563
6.2062426
-89.01816
221.57211
-294.4682
-180.65591
5.1385803
-424.77478
-342.44815
-162.59752
-4.5947113
88.12454
-350.0354
-246.07367
69.76776
-581.395
-249.28886
-121.1835
162.59753
4.594732
-88.12454
251.97952
-309.3907
-139.72229
139.65607
-470.51123
-366.49005
-164.06401
-5.009387
85.3399
-352.62012
-246.2026
66.5194
-586.6116
-260.7727
-120.65885
164.06401
5.009387
-85.3399
215.21855
-307.26508
-156.3853
90.76042
-436.6153
-396.75726
-164.13274
-6.149895
85.133
-350.15836
-246.8993
62.99405
-586.8978
-257.4487
-120.97093
164.13274
6.149895
-85.133
181.82195
-303.05872
-173.0309
195.87184
-588.7714
-263.42365
-160.6269
-7.3184695
91.49012
-349.1288
-244.69643
62.098507
-588.28723
-256.67105
-118.62192
160.62688
7.3184695
-91.49012
197.05452
-301.3646
-180.22864
186.609
-583.7432
-280.99176
-164.38249
-8.719179
84.423775
-348.3455
-249.13095
62.34881
-586.6239
-263.20407
-119.37994
164.38249
8.71919
-84.423775
194.53636
-298.50885
-177.59242
69.754585
-405.55008
-428.534
-159.6321
-8.52321
93.112564
-342.96664
-253.41597
78.29544
-581.1277
-271.87778
-103.19423
159.6321
8.52321
-93.112564
172.90022
-288.13214
-209.29572
-72.5426
-332.44385
-376.0119
-159.9483
-6.134643
92.75724
-343.2295
-250.50197
76.950134
-587.56305
-239.91159
-96.799545
159.9483
6.134643
-92.75724
169.9612
-304.67612
-168.94884
-7.039673
-258.13876
-406.65656
-153.44466
-6.668261
103.1275
-344.33887
-237.53024
64.237236
-557.1168
-92.93906
-90.096596
153.44463
6.668261
-103.1275
159.28746
-300.74072
-195.97421
-14.725616
-254.47523
-435.93036
-158.06865
-8.397356
95.753815
-348.09406
-241.87973
65.315994
-539.8536
-63.239105
-80.683395
158.0686
8.397356
-95.753815
142.76122
-297.35733
-188.07901
215.88666
-7.6114197
-214.53615
-151.24513
-8.312851
106.21116
-335.98743
-248.10567
70.64163
-577.30835
-218.67955
-105.13754
151.24513
8.312851
-106.21116
163.6634
-287.11002
-235.48863
-62.986694
-115.447845
-331.20612
-145.74776
-3.162084
113.89731
-310.63187
-264.0454
79.884384
-551.5759
-299.48962
-95.30028
145.74776
3.162084
-113.89731
156.63387
-288.93295
-247.14142
-97.46599
-326.73364
-402.0749
-145.12105
-3.2288394
114.692856
-313.96182
-261.72998
83.249916
-558.1255
-188.4165
-74.89329
145.12105
3.2288394
-114.692856
147.23126
-293.01117
-232.26819
-84.8786
-361.31396
-409.63715
-144.91263
-5.1887803
114.884315
-328.03745
-246.71446
74.227684
-527.82776
-80.231384
-75.32903
144.91263
5.188791
-114.884315
180.19029
-297.6161
-225.67874
-7.97435
-391.19232
-439.77582
-149.50775
-2.0412157
108.941536
-310.82422
-263.53528
71.96215
-549.24866
-253.2509
-109.82903
149.50775
2.041195
-108.941536
159.11589
-301.54904
-211.5024
-54.768875
-301.25168
-421.86688
-152.931
-8.601683
103.74548
-319.40265
-269.7014
73.14745
-558.3846
-278.0755
-108.00857
152.931
8.601683
-103.74548
226.19421
-288.21487
-228.3526
142.35416
-550.47253
-347.4818
-151.25978
-10.108359
106.0344
-330.15732
-256.50912
65.62618
-546.3114
-126.344864
-96.653496
151.25981
10.108349
-106.0344
204.8535
-290.93762
-236.47623
147.9
-558.0061
-360.6966
-151.72098
-9.846082
105.3983
-336.93192
-250.69328
69.99936
-528.3808
-99.10614
-104.26672
151.72098
9.846072
-105.3983
212.41185
-292.84
-226.14972
147.62622
-556.69324
-353.3673
-157.55046
-7.669649
96.66451
-336.71844
-254.8676
64.10247
-566.24207
-220.25812
-125.95307
157.55046
7.669659
-96.66451
199.66022
-296.43362
-213.92561
148.25754
-564.11804
-339.23645
