-182.9903
-9.445333
25.501831
-495.4605
-69.430046
-57.223774
-507.24554
188.811
-209.44948
182.99028
9.445333
-25.501831
485.96118
-110.684044
-121.68277
450.74307
162.80157
-239.85764
-182.96138
-16.477346
21.877605
-492.85873
-98.493484
-68.51747
-505.1792
156.16672
-226.61992
182.96138
16.477346
-21.877888
470.20212
-111.159874
-131.74547
457.165
164.2113
-250.07025
-184.30708
-3.6999578
15.5632
-483.2639
-119.22051
-70.873215
-495.08026
129.95544
-237.52168
184.30708
3.6999578
-15.5632
474.9547
-145.07967
-102.70774
477.17648
122.199875
-238.93076
-183.39705
5.484083
23.67353
-469.77573
-135.67924
-48.608753
-493.57193
106.91365
-223.48709
183.39706
-5.484083
-23.67353
463.09357
-168.7514
-91.39481
473.91916
97.52255
-229.16632
-182.16495
6.750192
31.549501
-465.9628
-160.4579
-13.774795
-497.96863
72.724
-199.7905
182.16493
-6.750192
-31.549501
458.6608
-170.19795
-78.78631
454.59006
87.811905
-231.80377
-182.97699
12.625324
24.187626
-461.26495
-153.59897
-25.341032
-482.5025
83.1236
-208.40222
182.9769
-12.625324
-24.187626
462.79977
-180.46675
-60.53728
454.8971
69.38838
-226.39856
-181.23679
7.698307
36.317444
-448.9078
-153.9325
-26.36485
-463.97418
86.90213
-204.611
181.2368
-7.698307
-36.317444
451.70047
-177.55547
-75.81216
442.46954
74.501526
-238.23773
-181.9663
11.792988
31.211903
-449.59637
-153.2513
-27.385918
-470.63007
88.95122
-203.15714
181.96632
-11.792988
-31.211903
448.35178
-187.29396
-88.8157
429.12418
66.72084
-247.26688
-182.62936
12.481999
26.752966
-446.36542
-157.81107
-21.122599
-484.15793
79.42789
-200.81514
182.62935
-12.481999
-26.752966
452.45688
-190.82785
-87.78322
421.62018
54.592606
-257.5416
-181.72389
13.59848
31.882847
-443.86472
-160.23358
-12.158373
-500.6878
66.855515
-199.77945
181.72389
-13.59848
-31.882847
448.2235
-195.46542
-94.967804
403.47968
43.135117
-271.22833
-178.15024
7.4079576
49.321518
-440.77103
-169.58356
11.051127
-512.6577
41.397522
-189.74551
178.15027
-7.4079576
-49.321518
433.4859
-194.46667
-143.47975
377.61
43.325867
-317.64227
-172.32193
5.332635
67.09479
-431.12704
-172.31367
33.30512
-506.70667
17.818726
-186.09727
172.32193
-5.332635
-67.09479
420.61
-206.61165
-140.39336
357.5138
16.13031
-331.19397
-176.52626
3.10023
55.261772
-432.52203
-186.91386
29.496708
-496.83618
-20.742233
-211.85509
176.5263
-3.10023
-55.261772
400.27277
-234.72047
-136.2044
347.90933
-19.74945
-338.80136
-176.73004
-1.8701992
54.662647
-403.33954
-237.78287
33.95735
-457.75488
-130.12592
-240.72237
176.73001
1.8701992
-54.662647
421.3575
-228.18266
-88.643745
354.19345
-102.6441
-352.70636
-179.987
-7.3561797
42.13739
-396.34296
-240.60954
-8.895546
-397.82596
-164.07352
-298.96454
179.98705
7.3561797
-42.13739
448.53574
-213.84444
0.8393813
408.10883
-225.83307
-296.1824
-183.54768
6.1021633
22.315979
-344.768
-233.13962
-116.90583
-337.11554
-188.30403
-413.4378
183.54771
-6.1021633
-22.315979
339.59964
-307.66287
-59.359818
311.0902
-342.61456
-355.94977
-184.14424
16.826385
-5.7252126
-309.27402
-239.02557
-149.65729
-259.72067
-237.78151
-445.5338
184.14423
-16.826385
5.7252126
294.20645
-338.5126
-45.25713
362.04694
-526.71155
-268.81653
-178.18208
21.952547
-44.656918
-271.2938
-246.52202
-189.32146
-200.13959
-276.60132
-479.2047
178.18208
-21.952547
44.656918
265.8188
-348.33063
44.754734
335.60864
-558.7174
-157.40059
-169.25749
14.43824
-73.26968
-260.1085
-246.9935
-230.18051
-165.51453
-294.7659
-510.84006
169.25748
-14.43824
73.26968
223.87622
-334.53143
84.766235
307.0109
-583.9549
-59.721054
-162.38982
6.0669355
-88.41798
-224.0867
-212.4126
-321.39044
-137.40073
-390.90204
-546.395
162.38983
-6.0669355
88.41798
203.63817
-321.18546
43.537647
376.88
-542.72894
147.9683
-128.55112
-11.4303465
-132.54796
-120.532936
-214.30823
-370.70987
-57.780178
-294.8655
-652.796
128.55109
11.430336
132.54796
212.57483
-289.6041
63.156662
347.65543
-433.49658
289.09512
-108.32249
-46.729095
-142.50485
-105.38363
-225.40718
-405.12842
-57.561436
-318.6311
-686.23755
108.32249
46.729084
142.50485
175.68202
-263.08627
74.71273
72.612885
-137.83875
-177.65567
-56.23003
-77.90862
-152.11792
-85.23358
-199.67792
-432.32883
-21.693497
-321.8689
-698.84717
60.27388
80.92515
161.08917
61.114044
-177.31601
-47.587414
28.928043
-376.98648
-269.16306
-67.1192
-62.421455
-160.69714
-114.138664
-191.00267
-452.49847
-14.700378
-345.3217
-689.7698
67.1192
62.421436
160.69714
90.12488
-216.67433
271.85904
173.4621
-400.67603
50.05217
