-183.02867
-12.063423
24.082731
-306.47156
-294.36993
-82.87453
-236.66214
-341.7102
-370.773
183.02867
12.063423
-24.082731
231.5809
-251.90915
-189.68405
163.03244
-377.22485
-453.49664
-183.16202
-11.20795
23.474709
-303.67285
-293.14673
-84.332825
-222.95026
-340.01828
-369.44144
183.16202
11.20795
-23.474709
222.86935
-246.28694
-201.07413
161.36295
-386.18347
-459.23285
-183.20384
-11.281584
23.11017
-306.046
-292.83084
-85.859245
-227.71906
-343.40228
-371.0038
183.20384
11.281584
-23.11017
224.77995
-246.97276
-199.23225
160.93193
-384.66382
-458.00745
-183.30582
-11.989269
21.914257
-309.64896
-291.81012
-86.75082
-232.92133
-342.15936
-372.3691
183.30582
11.989269
-21.914257
224.55441
-248.62138
-194.71184
158.9085
-381.1981
-455.6985
-183.15509
-12.959118
22.611412
-313.69254
-292.65717
-83.90487
-232.39468
-345.87152
-367.7339
183.15509
12.959118
-22.611412
221.60999
-247.4489
-196.80736
158.21806
-382.30334
-457.18347
-183.55508
-13.502744
18.713692
-312.8053
-290.91785
-93.621254
-234.14218
-342.65576
-378.46384
183.55508
13.502744
-18.713692
218.11685
-244.46642
-198.07281
154.06177
-382.82245
-456.44186
-183.10669
-12.701138
23.143593
-313.1925
-291.1961
-85.33926
-228.86789
-340.90747
-368.9202
183.10669
12.701138
-23.143593
222.16277
-247.66704
-195.97986
149.08682
-379.0633
-455.5852
-183.36885
-12.043659
21.349747
-312.75967
-292.59595
-82.9784
-232.35562
-340.10052
-368.07224
183.36885
12.043659
-21.349747
215.13663
-244.78392
-201.81595
150.06163
-382.94238
-460.0358
-183.16582
-12.0131855
23.042555
-311.10532
-291.16028
-86.24198
-230.07703
-342.13672
-370.55838
183.16585
12.0131855
-23.042555
206.73445
-240.63745
-210.50995
146.13646
-387.39688
-465.04785
-183.23227
-12.076661
22.474174
-307.4205
-293.50925
-84.665
-230.68622
-343.70615
-370.30835
183.23227
12.076661
-22.474174
222.26329
-248.3234
-195.74716
156.16133
-383.65143
-455.20206
-183.21848
-11.455956
22.907572
-312.06723
-290.9996
-82.39571
-229.1726
-337.8657
-366.88132
183.21848
11.455956
-22.907572
235.25821
-255.7346
-182.46777
163.76404
-374.27762
-448.61835
-183.21562
-10.706808
23.289408
-308.22806
-291.83572
-82.60882
-225.92804
-342.65024
-366.58875
183.21562
10.706808
-23.289408
223.97014
-248.61137
-197.79579
159.34576
-384.75238
-457.19763
-183.29799
-9.921005
22.987387
-307.14713
-292.54938
-80.879654
-226.98846
-342.6976
-365.5896
183.29799
9.921005
-22.987387
223.49901
-249.91246
-197.0677
160.79549
-387.76407
-456.03723
-183.38672
-10.106216
22.184937
-307.6821
-291.06573
-86.36692
-225.66428
-344.35184
-369.97522
183.38675
10.106216
-22.184937
225.79025
-248.79279
-197.3721
164.07439
-382.05292
-458.96893
-183.37025
-10.451468
22.161318
-313.1784
-283.95312
-94.22653
-221.22256
-338.44794
-374.53784
183.37022
10.451468
-22.161318
216.00583
-245.07208
-203.72389
155.23302
-387.07593
-460.90393
-183.69084
-10.816646
19.122643
-298.96194
-260.7229
-134.69063
-173.15295
-238.4637
-406.125
183.69087
10.816646
-19.122643
219.64114
-245.71387
-199.75676
158.3364
-383.08917
-459.3136
-183.92993
-11.184624
16.422081
-373.5295
-223.03633
-131.5765
-287.19568
-59.502304
-367.8033
183.92993
11.184624
-16.422081
218.80412
-243.02466
-201.4968
157.98647
-382.9922
-459.78015
-184.35393
-12.786702
8.667411
-452.96198
-68.467094
-167.15186
-402.5811
147.78131
-368.8903
184.35396
12.786702
-8.667411
216.96246
-241.57552
-194.68489
154.13568
-380.109
-453.26038
-184.1987
-17.170933
0.99831927
-406.9815
94.04779
-179.04521
-466.27936
346.98593
-329.06543
184.1987
17.170933
-0.99831927
232.98138
-250.6906
-165.51743
170.58167
-371.19412
-433.0715
-184.0107
-18.970118
-2.2783678
-366.19705
153.86339
-166.0607
-509.22864
397.5202
-266.92365
184.01073
18.970118
2.2783678
255.76419
-253.97583
-145.07018
181.47154
-366.16052
-413.203
-183.4744
-22.413418
-7.732275
-357.24487
160.52097
-167.87685
-541.0077
383.36707
-248.93756
183.4744
22.413418
7.732275
270.66788
-252.79538
-128.93867
194.81763
-360.51202
-398.46393
-182.88588
-24.793478
-12.768614
-383.006
111.23989
-193.62697
-524.6105
347.28427
-312.9217
182.88588
24.793478
12.768614
269.80426
-252.8647
-119.643974
194.0107
-355.78192
-391.054
-182.5188
-28.149942
-10.930396
-414.27426
-62.799427
-228.30327
-373.3354
184.7074
-392.81586
182.5188
28.149942
10.930396
272.39267
-254.23627
-110.95327
192.35847
-353.42545
-382.5339
-182.65244
-29.283289
2.3609183
-316.1587
-254.95636
-188.87738
-154.92215
-82.0128
-373.52112
182.65244
29.283289
-2.3609183
225.11171
-250.62025
-150.73846
157.69315
-366.26242
-419.21866
